log_10(M200c) error_low error_up RA[deg] DEC[deg] redshift
14.902677601337434 0.12162162162162105 0.09009009009009006 230.65973 27.743846 0.07317685
14.844600123405456 0.12837837837837895 0.09909909909909764 194.93502 27.912461 0.023372245
14.791545315265655 0.13738738738738832 0.108108108108107 209.83093 27.968947 0.075065085
14.883487402915955 0.12387387387387427 0.09234234234234151 227.73192 5.8229001 0.07835649
14.832858360290528 0.12837837837837895 0.10135135135135087 240.54984 15.91987 0.03702969
14.76915606546402 0.14414414414414445 0.108108108108107 257.40317 34.467814 0.08488568
14.528041254043579 0.18243243243243334 0.13963963963963977 247.18045 39.56877 0.03034889
14.682346033096314 0.15990990990990994 0.12162162162162105 184.43175 3.6476464 0.07724202
13.913958988070489 0.13738738738738832 0.23198198198198128 213.17228 26.428982 0.07127476
14.11867153596878 0.2770270270270263 0.1576576576576585 165.23643 10.504218 0.03584926
13.891275461792945 0.1193693693693696 0.24099099099099064 131.22581 19.375117 0.084022769
14.50368422460556 0.18918918918918948 0.13738738738738654 197.79643 39.277343 0.07267435
14.050095158576966 0.23423423423423273 0.18918918918918948 210.76047 9.3943204 0.023200606
14.740356067180635 0.15540540540540704 0.108108108108107 204.02885 59.176196 0.07068904
14.61612386751175 0.16441441441441462 0.13963963963963977 190.28372 18.555141 0.07202004
13.982785829782486 0.19819819819819706 0.20045045045045207 190.03243 13.484896 0.073757672
14.172096336841584 0.2882882882882889 0.14414414414414445 227.17532 27.174162 0.081162882
14.408397501707077 0.17567567567567544 0.17342342342342398 159.86889 5.1836588 0.068807715
14.091338125228882 0.25900900900900936 0.17117117117117076 219.74962 10.121618 0.054735214
14.434633369207383 0.19369369369369416 0.1463963963963959 176.19406 20.048701 0.02193271
14.468407351255417 0.19369369369369416 0.13738738738738654 168.34755 2.5118783 0.0764785
14.347613997459412 0.18918918918918948 0.18018018018018012 127.20284 30.451942 0.0493608
14.537455361366272 0.18243243243243334 0.13963963963963977 205.59386 2.2539373 0.07791627
14.60832377576828 0.16666666666666607 0.13963963963963977 215.55504 48.599919 0.071758545
14.44264654135704 0.1959459459459474 0.14189189189189122 184.70342 5.2626152 0.07645678
14.366430989027023 0.17792792792792866 0.18243243243243157 118.34794 29.338963 0.060878935
14.453971627950668 0.1959459459459456 0.13963963963963977 230.3329 30.620288 0.07771371
14.687111994743347 0.15990990990990994 0.12162162162162105 207.21034 26.585402 0.062841265
14.60454259967804 0.16666666666666607 0.13963963963963977 236.23303 36.101437 0.06603753
14.433543834924699 0.19369369369369416 0.1463963963963959 230.66703 8.4610577 0.0338736
13.941320509195327 0.1621621621621614 0.22072072072072046 224.42832 32.450642 0.084777636
14.29857889533043 0.2342342342342345 0.1531531531531538 229.51547 26.865018 0.08492102
14.419343743562699 0.18018018018018012 0.16441441441441462 167.63397 28.597326 0.03324915
13.730934234440326 0.12162162162162282 0.1779279279279269 183.96967 1.4129077 0.074723419
14.27089630460739 0.25675675675675613 0.14639639639639768 230.2177 48.660727 0.07352127
14.335559094667435 0.19819819819819884 0.17342342342342398 176.82598 55.724739 0.05160259
14.387670690059661 0.1734234234234222 0.18018018018018012 237.24476 8.8379874 0.07182078
14.122050472736358 0.2770270270270281 0.1576576576576567 189.83627 16.395824 0.070289513
13.996979150414466 0.20720720720720642 0.19819819819819884 227.33676 5.3392945 0.076081905
14.452859805583953 0.1959459459459456 0.13963963963963977 227.76994 5.3015737 0.080401991
14.263875558137894 0.2612612612612608 0.14414414414414445 228.18335 7.4595803 0.04488796
14.449075415372848 0.1959459459459456 0.13963963963963977 163.48212 16.86179 0.08399262
14.211692883253097 0.2837837837837842 0.141891891891893 124.8685 56.664181 0.04370622
14.139769130706787 0.28603603603603567 0.15090090090090058 188.57705 4.0368381 0.08427877
14.431693397045136 0.19369369369369416 0.1463963963963959 207.96372 9.5125969 0.06494738
14.339858639955521 0.19369369369369238 0.17567567567567544 155.57598 38.544323 0.05429697
14.359780498743056 0.18243243243243334 0.18018018018018012 180.08352 56.286138 0.064731565
14.15593737053871 0.2882882882882871 0.1463963963963959 173.54403 49.105356 0.03282856
13.977827152609825 0.19369369369369416 0.20270270270270352 252.32129 26.64754 0.05543819
14.270626213073731 0.25675675675675613 0.14639639639639768 205.60538 29.870782 0.04322201
14.105103994131088 0.2702702702702702 0.16441441441441462 178.36108 12.973625 0.083545058
14.13751713848114 0.2837837837837842 0.15090090090090058 175.92399 15.516432 0.067162354
14.046807112932205 0.2342342342342345 0.18693693693693625 162.44387 15.509314 0.085399045
14.339839302539826 0.19369369369369238 0.17567567567567544 167.93263 40.862095 0.07540007
14.482948929786682 0.19144144144144093 0.13738738738738832 199.8191 -0.91700515 0.082999685
14.740733015060425 0.15540540540540704 0.108108108108107 173.17745 14.437859 0.08125507
13.836171361804007 0.0878378378378386 0.25225225225225145 156.86095 41.359074 0.06405482
14.3721707239151 0.1779279279279269 0.18018018018018012 182.04871 15.035047 0.08011542
14.398442473649979 0.17342342342342398 0.1779279279279269 234.91268 21.782717 0.041501675
14.228498045921325 0.27927927927927954 0.14189189189189122 158.02464 40.290522 0.07739437
13.991141358494758 0.20270270270270352 0.2004504504504503 168.78076 2.7517512 0.077038029
13.967478078603744 0.1846846846846848 0.20720720720720642 155.54126 15.000146 0.044705349
14.527826382160187 0.1846846846846848 0.13738738738738654 208.28199 5.1424206 0.079000255
13.654005199968815 0.09459459459459474 0.17792792792792866 199.36213 -1.4578059 0.081403646
14.319884881019592 0.21621621621621756 0.16441441441441285 208.60582 5.3789607 0.079684893
14.481626081943512 0.19144144144144093 0.13738738738738832 196.00249 19.285995 0.06390215
14.037520121455193 0.22972972972972983 0.18918918918918948 148.88654 26.273363 0.08190238
14.19774112224579 0.28603603603603567 0.14189189189189122 131.87115 33.86408 0.074239831
14.04319934129715 0.22972972972972983 0.18918918918918948 191.77102 54.979246 0.08327603
13.97898513185978 0.19369369369369416 0.20270270270270352 232.76928 28.951619 0.085092416
14.286678323030472 0.24549549549549532 0.14864864864864913 231.87262 28.751511 0.06603792
14.209192929506301 0.2837837837837842 0.14189189189189122 168.76618 54.441716 0.07014193
14.343524898052216 0.19144144144144093 0.17792792792792866 232.31694 52.895768 0.073071265
14.335386638641356 0.19819819819819884 0.17342342342342398 170.44123 2.8335365 0.048904655
14.062609311819076 0.24099099099099064 0.1846846846846848 200.51849 39.862006 0.063176258
14.321214631319046 0.21396396396396433 0.16441441441441462 173.0381 56.028951 0.05842189
13.827868418216704 0.08558558558558538 0.25 187.74957 45.091823 0.065699825
14.225441785812379 0.27927927927927776 0.13963963963963977 184.38903 4.1650135 0.078973716
14.092176115036011 0.25900900900900936 0.1734234234234222 167.31001 41.548274 0.076707712
14.2040370054245 0.28378378378378244 0.14414414414414445 201.80062 1.3149722 0.080484095
14.343879873991012 0.19144144144144093 0.17792792792792866 230.47977 7.6908812 0.04419582
13.817415306806565 0.0810810810810807 0.25225225225225145 222.83362 30.663833 0.05337658
14.25480446600914 0.2657657657657655 0.14414414414414445 209.76536 28.022731 0.064067175
14.588411717414855 0.1689189189189193 0.13963963963963977 207.36329 28.079046 0.07535083
13.950773475766182 0.17117117117117076 0.21396396396396433 177.54434 6.581366 0.081632399
14.242218548297881 0.2725225225225216 0.141891891891893 226.07642 28.507085 0.05778994
14.107252871036529 0.2702702702702702 0.16441441441441285 229.1735 7.0293136 0.03491567
14.077533739566803 0.25 0.17792792792792866 116.68906 31.003224 0.058067105
14.195257924079895 0.28603603603603744 0.14189189189189122 122.52635 35.26521 0.08374395
14.247054061412811 0.2680180180180187 0.14414414414414445 134.51772 30.349632 0.0848695
14.052145873069763 0.23648648648648596 0.18693693693693803 195.52748 -0.85291993 0.084884171
14.206386738538741 0.28603603603603567 0.141891891891893 226.50213 27.307849 0.08128102
14.351402708292007 0.18693693693693625 0.18018018018018012 189.08119 16.546318 0.07000714
14.029873332738877 0.22522522522522692 0.19144144144144093 170.77561 56.006283 0.058340311
13.708177092939614 0.11711711711711636 0.17567567567567544 224.99537 25.451331 0.07262307
14.28505013370514 0.24549549549549532 0.14864864864864913 182.6211 5.3637992 0.0764024
13.871614131212235 0.108108108108107 0.24549549549549532 130.15778 28.515243 0.080358014
14.106576219558715 0.2702702702702702 0.16441441441441462 209.55182 20.628647 0.06378332
14.210204060316086 0.2837837837837842 0.14189189189189122 229.78662 4.4794591 0.03799313
13.909419700980186 0.13288288288288186 0.23648648648648773 224.02932 47.428734 0.08533963
14.047882368087768 0.2342342342342345 0.18693693693693625 232.42761 11.578027 0.073783575
14.0070837931633 0.21171171171171288 0.1959459459459456 140.25171 6.8716399 0.078915928
14.017235093355179 0.21621621621621578 0.19369369369369416 194.83318 30.02488 0.08393214
14.185415706396103 0.2882882882882889 0.14414414414414445 223.67306 18.635658 0.05842299
14.047203450918197 0.2342342342342345 0.18693693693693625 182.65695 36.632548 0.083022397
13.963234622359275 0.18018018018018012 0.20945945945945788 167.08354 44.00857 0.05872959
14.583418870449066 0.17117117117117076 0.14189189189189122 244.3978 35.062466 0.031750145
14.165413916110992 0.29054054054054035 0.14414414414414445 211.50392 6.2440337 0.08373633
14.101573940992354 0.26351351351351227 0.1689189189189193 243.26635 30.893956 0.05070968
13.948836967945098 0.1689189189189193 0.21621621621621578 177.05901 29.108076 0.05123922
14.136861510515214 0.2837837837837842 0.15090090090090058 179.12898 4.9742981 0.073474225
14.210920809268952 0.2837837837837842 0.141891891891893 246.95006 40.967925 0.029824495
14.01829693877697 0.21846846846846724 0.1959459459459474 197.10188 -1.2949811 0.085309686
13.877717535972595 0.11036036036036023 0.24549549549549532 213.75959 16.907188 0.04340802
13.90169943535328 0.12612612612612573 0.2387387387387392 180.8843 51.726366 0.06205153
13.986030827283859 0.19819819819819706 0.20270270270270352 201.5907 0.20672358 0.08283941
13.6617614005208 0.09684684684684619 0.18018018018018012 174.87613 23.696134 0.034123385
13.971644843816756 0.18918918918918948 0.20495495495495497 227.51293 3.2152069 0.04508682
14.078951061487198 0.25 0.1779279279279269 159.22639 50.121513 0.044789025
14.060957464456559 0.24099099099099242 0.1846846846846848 122.75859 35.971131 0.081847747
13.960520903229714 0.18018018018018012 0.20945945945945965 159.92731 44.738136 0.04988385
14.099959609270096 0.26351351351351404 0.1689189189189193 155.62879 2.3125534 0.07163299
13.949659572124482 0.1689189189189193 0.21621621621621578 250.42616 40.197708 0.030607592
14.29129253602028 0.24324324324324387 0.15090090090090058 133.53532 29.051822 0.084720555
13.892574230074882 0.1193693693693696 0.24099099099099064 180.12414 11.992278 0.04149249
14.201231394052506 0.28603603603603744 0.14189189189189122 216.68093 16.673934 0.05278399
13.898872695088386 0.1261261261261275 0.2387387387387374 184.67829 48.784998 0.044756158
13.701195521861315 0.11486486486486491 0.17342342342342398 187.32877 6.2686824 0.084325472
13.788022540330887 0.07207207207207134 0.25 227.90034 19.203921 0.081851486
14.355067332983017 0.1846846846846848 0.18018018018018012 199.0528 7.0301185 0.04943758
13.985402993559838 0.19819819819819884 0.20270270270270174 144.03445 11.01482 0.06805094
13.943868569374084 0.16441441441441462 0.218468468468469 215.43583 17.771282 0.05177118
14.17694328379631 0.2882882882882889 0.1463963963963959 226.96002 8.2783081 0.078287264
14.321344408035278 0.21396396396396433 0.16441441441441462 176.34244 15.495345 0.06830177
13.851927983403206 0.09684684684684619 0.25 203.72229 38.312051 0.061152491
14.208141701221466 0.28603603603603567 0.141891891891893 163.46181 54.831967 0.072101785
13.842981741428375 0.09234234234234151 0.25 207.10859 32.239393 0.08247409
14.171900275468825 0.2882882882882889 0.14414414414414445 209.1686 23.216078 0.06374557
14.006554253578186 0.21171171171171288 0.1959459459459456 178.11629 3.4670912 0.08051212
13.728727332115174 0.12387387387387427 0.17567567567567544 185.52276 27.04948 0.07981509
13.950753268957138 0.17117117117117076 0.21396396396396433 238.84804 28.999391 0.077127571
14.182658675670623 0.2882882882882871 0.14414414414414445 140.88048 22.308147 0.03119562
13.86138474369049 0.10135135135135087 0.24774774774774677 226.26847 21.386536 0.063525479
14.050262240171433 0.23423423423423273 0.18918918918918948 183.65043 5.4497726 0.078503624
14.23578250837326 0.27477477477477485 0.14189189189189122 214.3632 1.9884822 0.054387835
13.9944702129364 0.20270270270270174 0.2004504504504503 202.33914 37.659046 0.056154045
13.931952716827393 0.15315315315315203 0.22522522522522692 206.95225 56.042455 0.03513263
14.023920965313911 0.22072072072072046 0.19369369369369238 195.06361 24.396925 0.073067509
14.110801945447921 0.2725225225225216 0.16216216216216317 218.52386 3.7457819 0.02864973
13.955650983214378 0.17567567567567544 0.2117117117117111 204.69269 25.847638 0.076194269
14.342766997814179 0.19369369369369416 0.1779279279279269 227.34234 7.6145233 0.07681772
14.479648870706558 0.19369369369369416 0.13738738738738654 194.66403 -1.7159741 0.08363247
14.137860206365586 0.2837837837837842 0.15090090090090058 208.06197 46.418781 0.06247392
13.948219303488731 0.1689189189189193 0.21621621621621578 147.82134 5.5246236 0.07347362
14.25409119462967 0.2657657657657655 0.14414414414414445 198.04622 -0.96873308 0.084453095
13.984105173707007 0.19819819819819884 0.20270270270270174 227.25128 26.659293 0.072388578
13.895374572396278 0.12162162162162105 0.24099099099099064 137.12259 16.01235 0.072242085
14.153590219259263 0.28603603603603567 0.14864864864864913 129.80974 28.813058 0.08036518
13.757647280335426 0.0653153153153152 0.2432432432432421 203.52951 2.3381064 0.078898486
13.887517706632615 0.11711711711711814 0.2432432432432421 198.88035 9.8730123 0.05042014
14.11982761836052 0.2770270270270263 0.1576576576576585 218.23832 23.402141 0.065307638
14.031455628633498 0.22522522522522515 0.19144144144144093 181.18368 1.8113536 0.02029769
13.890990564227105 0.1193693693693696 0.24099099099099064 228.79632 3.8485262 0.07917549
14.077362916946411 0.25 0.17792792792792866 220.14322 3.4971455 0.02762006
14.100053240299225 0.26351351351351404 0.1689189189189193 149.12762 35.914916 0.04231939
14.187142690420151 0.2882882882882871 0.14414414414414445 222.18378 11.293062 0.05220264
13.980754347324371 0.19369369369369238 0.20270270270270352 243.71579 37.204658 0.059019545
13.950986793279647 0.17117117117117076 0.21396396396396433 221.35259 3.8864838 0.06439812
13.94818969142437 0.1689189189189193 0.21621621621621578 239.16223 25.848624 0.07226983
14.157093189477921 0.2882882882882889 0.1463963963963959 247.61767 24.595567 0.06323094
14.09470394206047 0.2612612612612626 0.17117117117117076 156.22928 47.799041 0.06261779
13.843557174444198 0.09234234234234151 0.25 232.81342 45.482381 0.07128708
13.813470329105854 0.07882882882882924 0.25225225225225145 148.76583 32.616516 0.0852741
14.016908965468406 0.21621621621621578 0.19369369369369416 209.51808 5.9626486 0.08217617
14.160385292291641 0.2882882882882889 0.1463963963963959 158.13959 40.111595 0.06811772
14.185969641685485 0.2882882882882889 0.14414414414414445 238.80762 41.581789 0.03395002
13.867591737985611 0.10585585585585555 0.24774774774774855 201.48874 6.0876007 0.08414466
13.880616857409477 0.11486486486486491 0.24324324324324387 156.57081 47.128398 0.062398739
14.044203675031662 0.22972972972972983 0.18918918918918948 231.2907 21.609825 0.0826487
14.231724443674088 0.2770270270270281 0.14189189189189122 167.85014 39.589499 0.07536338
14.071606373786926 0.24774774774774855 0.18018018018018012 197.32143 -1.5934228 0.082443141
14.247168505191803 0.2680180180180187 0.14414414414414445 181.61726 32.900292 0.027043545
13.750506715655327 0.06981981981981988 0.23648648648648596 183.09026 13.25054 0.064841714
14.466625569105148 0.1959459459459456 0.13738738738738832 146.84072 54.473843 0.046406425
13.868345686435699 0.10585585585585555 0.24774774774774855 173.64796 20.369678 0.03302159
13.887934225082397 0.11711711711711814 0.2432432432432421 135.38477 4.9157784 0.07604132
13.94791767668724 0.1689189189189193 0.21621621621621578 208.4237 33.214126 0.04926403
14.201144191265106 0.28603603603603744 0.14189189189189122 231.98579 3.4038097 0.08392401
13.9009385317564 0.12612612612612573 0.2387387387387392 232.22478 1.5343028 0.07465076
13.825049265384674 0.08558558558558538 0.25 139.07918 41.549948 0.026805105
14.119572754383087 0.2770270270270263 0.1576576576576585 216.11454 2.7357156 0.05521011
13.930574333190918 0.15090090090090058 0.22522522522522515 239.4985 19.726207 0.06594007
14.088648696422577 0.25675675675675613 0.17342342342342398 178.7038 52.817871 0.06973442
13.868884947419167 0.10585585585585555 0.24549549549549532 127.34916 26.601579 0.057042875
14.115192065715789 0.27477477477477485 0.15990990990990994 245.69637 23.938173 0.06268641
13.799980018377303 0.07207207207207311 0.25225225225225145 162.27547 57.849796 0.073465141
13.792098638355732 0.06981981981981988 0.25225225225225323 136.75284 37.021064 0.06012661
14.050802844762803 0.23423423423423273 0.18918918918918948 125.27327 35.805089 0.06179667
14.106308077573775 0.2702702702702702 0.16441441441441462 169.11242 29.273305 0.04691681
14.218859740495681 0.28153153153153276 0.14189189189189122 214.42343 8.2184441 0.05779099
14.108952455997468 0.2702702702702702 0.16441441441441285 223.2472 16.769719 0.04487038
13.831405136704445 0.08558558558558538 0.25225225225225323 223.96026 22.386876 0.07887389
13.860744896531104 0.10135135135135087 0.24774774774774677 228.06566 27.834874 0.07021321
14.013083819150925 0.21621621621621756 0.19369369369369238 164.99835 43.18911 0.076919145
14.217238137483596 0.281531531531531 0.141891891891893 176.82126 7.8806694 0.08318397
14.200588938713073 0.28603603603603744 0.14189189189189122 185.48701 13.738272 0.08203592
14.057943356752395 0.24099099099099064 0.1846846846846848 140.01125 33.75825 0.023263035
13.954829195737839 0.17567567567567544 0.2117117117117111 201.2601 -1.0090779 0.083021251
14.184892753124236 0.2882882882882889 0.14414414414414445 245.80952 37.928143 0.03086045
14.075789947271346 0.25 0.17792792792792866 225.55535 21.347011 0.06186754
13.872497118711472 0.108108108108107 0.24549549549549532 173.56585 54.174931 0.069535746
13.939952215790749 0.15990990990990994 0.22072072072072046 226.28948 26.040251 0.054860395
14.090058114767075 0.25900900900900936 0.17117117117117076 195.13893 -2.1870725 0.084709347
14.015855497837066 0.21621621621621578 0.19369369369369416 213.94673 29.460304 0.06747419
14.017818034768105 0.21846846846846724 0.1959459459459474 182.23265 53.323494 0.08173537
14.194921864032745 0.2882882882882889 0.14189189189189122 177.28071 11.009332 0.08383282
14.137872219800949 0.2837837837837842 0.15090090090090058 233.1537 28.036133 0.073355675
13.848651397943497 0.09684684684684797 0.25 131.25064 52.393756 0.056577645
14.326441634893417 0.20720720720720642 0.1689189189189193 149.90815 11.497157 0.07717135
13.963356996059417 0.18468468468468302 0.2072072072072082 187.7608 28.862884 0.06214824
14.184949131965638 0.2882882882882889 0.14414414414414445 170.81148 1.1664224 0.073739645
13.907888409495353 0.13288288288288364 0.23648648648648596 208.26299 19.812097 0.070728482
13.8558787702322 0.09909909909909942 0.24774774774774855 209.81165 15.582537 0.024829775
13.670048056155442 0.10135135135135265 0.17567567567567544 194.95193 22.709501 0.07449622
13.998429324865342 0.20720720720720642 0.19819819819819884 213.25861 8.3224185 0.08361053
14.114554615974425 0.27477477477477485 0.15990990990990994 178.97615 36.162626 0.064226475
13.635810509622097 0.08558558558558538 0.18018018018018012 220.95087 10.364191 0.05529196
13.864399668097496 0.1036036036036041 0.24774774774774677 131.3975 3.0288816 0.076827238
13.771479736864567 0.06756756756756666 0.24549549549549532 228.77562 10.246671 0.05671375
13.900413049340248 0.12612612612612573 0.2387387387387392 164.87733 53.832973 0.07150822
13.857069443941116 0.09909909909909942 0.24774774774774855 135.82935 54.028995 0.083102978
14.084638685464858 0.2545045045045047 0.17567567567567544 155.41337 23.859762 0.03944341
13.906311408996581 0.12837837837837895 0.2387387387387392 215.41628 49.510676 0.07187306
13.958268937349319 0.1779279279279269 0.2117117117117111 233.1334 4.6809978 0.03827569
13.790983680903912 0.06981981981981988 0.25225225225225323 131.97579 31.869965 0.06730606
13.885901056528091 0.11711711711711636 0.24324324324324387 198.82566 22.219027 0.062795185
14.05259210896492 0.23648648648648596 0.18693693693693803 170.71051 23.986273 0.025923
13.90070764195919 0.12612612612612573 0.2387387387387392 167.65017 7.7855409 0.04682575
13.959801704168319 0.18018018018018012 0.20945945945945965 122.70011 42.320136 0.06364435
14.185785857200623 0.2882882882882889 0.14414414414414445 135.59292 20.624431 0.08252293
14.02326449429989 0.22072072072072046 0.19369369369369238 160.63481 12.449807 0.06395689
13.828497938036918 0.08783783783783683 0.25 179.69453 13.716114 0.04361771
14.116034060001374 0.27477477477477485 0.15990990990990994 164.95336 10.056682 0.06360472
13.734391153156757 0.12162162162162105 0.17792792792792866 209.42242 22.856396 0.078601757
13.803598644256592 0.07657657657657779 0.25225225225225145 215.13166 25.221697 0.078924545
14.255464994192124 0.2657657657657655 0.14414414414414445 179.49462 5.0172368 0.075797735
13.87478383398056 0.10810810810810878 0.24549549549549532 173.52493 25.558883 0.07102586
13.840447934031486 0.09009009009009006 0.25 125.12072 49.351742 0.07687559
14.165275445461273 0.29054054054054035 0.14414414414414445 190.47107 -2.037052 0.08389463
14.066246537446975 0.24324324324324387 0.18243243243243334 236.22901 16.918148 0.04958802
13.809962353289126 0.07882882882882924 0.25 168.87183 41.332341 0.072511757
13.628035788357257 0.08333333333333393 0.18018018018018012 179.13667 54.451324 0.06465628
14.101427777528762 0.26351351351351227 0.1689189189189193 241.21671 23.940806 0.0321142
14.123637458086014 0.27927927927927954 0.15540540540540526 253.57898 23.490269 0.05694935
13.902128652215003 0.12612612612612573 0.2387387387387392 239.35435 12.290298 0.071867039
13.750375648021699 0.06981981981981988 0.23648648648648596 236.88827 27.919068 0.07621499
14.498077533245088 0.18918918918918948 0.13738738738738654 205.46085 26.352952 0.0753551
13.886719524502753 0.11711711711711636 0.24324324324324387 243.49675 49.118657 0.05789125
13.897791670322418 0.12387387387387427 0.2387387387387392 205.19564 7.1845781 0.07961722
14.07516277217865 0.24774774774774677 0.18018018018018012 188.92517 26.724723 0.02348482
13.865906721949576 0.1036036036036041 0.24774774774774677 210.63478 25.770245 0.060148338
13.924715649485588 0.14414414414414445 0.22972972972972983 172.19226 50.973792 0.03267463
13.750306715667248 0.06981981981981988 0.23648648648648596 212.87357 28.128995 0.074730265
14.020796813488007 0.22072072072072046 0.19369369369369416 239.66934 17.959114 0.04601613
13.826590884208679 0.08558558558558538 0.25 215.22346 49.908055 0.071785932
13.69042126840353 0.108108108108107 0.1756756756756772 184.9529 30.366086 0.02744479
14.028579122185707 0.22522522522522692 0.19144144144144093 119.00361 41.213094 0.07425812
13.908672365188599 0.13288288288288364 0.23648648648648596 193.24342 45.032873 0.07800787
14.196373592853545 0.28603603603603744 0.14189189189189122 157.09517 3.7645494 0.0732235
13.82227721786499 0.08333333333333393 0.25 130.24898 30.197294 0.05030937
13.730609608232974 0.12162162162162282 0.1779279279279269 232.23725 21.048228 0.039110745
14.100677464723587 0.26351351351351227 0.1689189189189193 198.43042 33.980766 0.03649733
14.044748389482498 0.2342342342342345 0.18693693693693625 116.39888 33.962971 0.062637275
14.03174819266796 0.22522522522522515 0.19144144144144093 181.30764 43.155366 0.052457323
13.892267018079757 0.1193693693693696 0.24099099099099064 188.49105 5.6043122 0.08112645
14.176367745399475 0.2882882882882889 0.1463963963963959 177.02805 54.632983 0.05989939
13.952919349312783 0.17342342342342398 0.21396396396396433 248.01197 13.658292 0.05258118
13.629108873322606 0.08333333333333393 0.18018018018018012 134.52183 22.776099 0.03717566
14.058511940002441 0.24099099099099064 0.1846846846846848 239.17225 20.171583 0.04914843
13.957038956522942 0.1779279279279269 0.2117117117117111 179.48806 -2.525895 0.081382265
13.980617035865784 0.19369369369369238 0.20270270270270352 217.70168 -1.7892053 0.05490002
13.77374222767353 0.06756756756756666 0.24774774774774855 176.12229 23.115923 0.050375384
13.928968352913856 0.14864864864864913 0.22747747747747837 203.44065 9.9318779 0.071173195
13.928024507880211 0.14864864864864913 0.22747747747747837 179.46538 33.682116 0.079378245
14.056511070728302 0.2387387387387374 0.18693693693693803 186.18913 31.947573 0.060685265
13.82878283560276 0.08783783783783683 0.25 152.56052 11.101714 0.077393955
13.843083723902701 0.09234234234234151 0.25 206.13517 2.0879014 0.072168275
14.111927836179733 0.2725225225225234 0.1621621621621614 173.9478 13.675783 0.080158363
13.908269361853598 0.13288288288288364 0.23648648648648596 179.09744 43.910517 0.07137376
13.606271755455062 0.07432432432432456 0.18243243243243157 218.27061 31.530469 0.01302967
14.3006434674263 0.2342342342342345 0.1531531531531538 227.42187 8.8036334 0.07925884
14.081809310674668 0.25225225225225323 0.17567567567567544 203.22992 25.834933 0.07444479
13.843079851150513 0.09234234234234151 0.25 116.97816 22.808667 0.07534539
13.99594491481781 0.20720720720720642 0.19819819819819884 184.14103 14.22071 0.025680165
13.95442735159397 0.17567567567567544 0.2117117117117111 173.01442 57.078613 0.068056494
13.625217173956335 0.0810810810810807 0.18243243243243157 168.67781 31.044377 0.02802408
13.47593428915739 0.1351351351351351 0.0878378378378386 196.9835 14.623427 0.06183667
14.00781995856762 0.21171171171171288 0.1959459459459456 222.10443 18.325764 0.04005688
13.982304343938827 0.19819819819819706 0.20045045045045207 139.2994 20.006579 0.0289594
13.702104459434747 0.11486486486486491 0.17342342342342398 185.6919 19.770325 0.06729165
14.038903853178024 0.22972972972972983 0.18918918918918948 196.08457 7.9121581 0.04746864
14.039466640472412 0.22972972972972983 0.18918918918918948 188.39972 6.9640472 0.08415171
14.039440084457397 0.22972972972972983 0.18918918918918948 172.43935 36.630392 0.062587559
13.76086175686121 0.06756756756756666 0.24324324324324387 119.18076 44.092568 0.049077617
13.915518495321274 0.13738738738738832 0.23198198198198128 229.70763 56.946331 0.06799807
13.752138158619404 0.06756756756756843 0.2387387387387374 142.86205 0.5969327 0.07229539
14.026104038357735 0.22072072072072046 0.19369369369369416 141.01799 4.0178061 0.08356708
14.15912472462654 0.2882882882882889 0.1463963963963959 206.19911 29.722472 0.0623078
13.874833468437195 0.10810810810810878 0.24549549549549532 123.53683 45.990837 0.048982045
13.76034182012081 0.06756756756756666 0.24099099099099064 203.20781 32.620451 0.03641104
13.82802280139923 0.08558558558558538 0.25 168.00473 27.542005 0.034341339
14.138101160049438 0.2837837837837842 0.15090090090090058 209.1454 5.7021178 0.080189492
13.751800228059292 0.06756756756756843 0.2387387387387374 222.45654 17.670599 0.07076713
14.240399988174438 0.2725225225225216 0.141891891891893 189.42105 15.259575 0.071955805
13.770308743059635 0.06756756756756666 0.24549549549549532 149.71916 26.206363 0.0795047
13.959595947742462 0.18018018018018012 0.20945945945945965 236.59232 8.4695931 0.070008088
14.054909437417983 0.23648648648648596 0.18693693693693625 174.22991 32.886276 0.07434222
14.14395871090889 0.28603603603603567 0.15090090090090058 168.98504 8.4323844 0.07489552
13.75952804160118 0.06756756756756666 0.24099099099099064 136.29722 18.399712 0.01380474
13.85289930653572 0.09684684684684619 0.25 237.85211 52.829072 0.066432624
13.724124921798706 0.12162162162162105 0.17342342342342398 201.07048 59.037434 0.074581711
14.078824182748795 0.25 0.1779279279279269 154.23181 13.76945 0.08230807
14.064403845071793 0.24099099099099064 0.1846846846846848 198.3677 38.931022 0.070760695
14.085676056146621 0.25675675675675613 0.17342342342342398 212.99828 52.807763 0.076560905
13.826144648313521 0.08558558558558538 0.25 200.0025 7.5330828 0.050279322
14.033771982312203 0.22522522522522515 0.1914414414414427 171.61113 35.332861 0.03442608
14.185770735025406 0.2882882882882889 0.14414414414414445 218.39998 18.826914 0.076403175
13.731993524372577 0.12387387387387427 0.17567567567567544 180.97287 60.862275 0.065406267
13.659208044946194 0.09459459459459474 0.1779279279279269 215.52398 23.660763 0.01547667
13.956881069421769 0.1779279279279269 0.2117117117117111 155.734 17.804 0.04283588
13.930744312763213 0.15090090090090058 0.22522522522522515 222.36442 27.799729 0.03095685
14.037415425419807 0.22747747747747837 0.19144144144144093 230.86213 28.625707 0.08404596
13.639290078669786 0.08783783783783683 0.18018018018018012 160.15117 40.635559 0.082628923
13.965844699263572 0.1846846846846848 0.20720720720720642 189.3502 41.913229 0.06634924
13.836446063756943 0.0878378378378386 0.25225225225225145 192.96983 55.050643 0.08523393
14.077601130723954 0.25 0.17792792792792866 215.04263 30.465588 0.06767564
13.814270381748676 0.07882882882882924 0.25225225225225145 181.3901 19.721988 0.06703416
13.74593711835146 0.06981981981981988 0.2342342342342345 197.41629 44.701641 0.08427435
13.768730227708817 0.0653153153153152 0.24774774774774677 159.85082 2.3228533 0.08245406
13.828381623744963 0.08783783783783683 0.25 181.02059 20.24679 0.023850095
13.988050217270851 0.20270270270270174 0.2004504504504503 128.9867 38.474733 0.05638422
13.827052742838859 0.08558558558558538 0.25 247.98172 25.533492 0.064385088
13.832315654993057 0.08558558558558538 0.25225225225225323 169.76903 51.723525 0.08000425
13.920179023265838 0.139639639639638 0.23198198198198305 226.15702 35.977631 0.04838989
13.68799668842554 0.10810810810810878 0.17792792792792866 181.58231 28.118979 0.02771546
13.885102979779242 0.11711711711711636 0.24324324324324387 212.16498 55.577984 0.07443589
13.98718277347088 0.19819819819819706 0.20270270270270352 157.24878 3.1190171 0.07289576
13.926407936811447 0.14864864864864913 0.2274774774774766 238.06283 22.533336 0.068043
14.004343017458915 0.2117117117117111 0.1959459459459456 182.59481 57.785304 0.06263778
13.937181064009666 0.1576576576576585 0.22297297297297192 176.5741 33.204474 0.03214246
13.79195517528057 0.06981981981981988 0.25225225225225323 211.05152 15.856266 0.060935431
14.000058647036552 0.2072072072072082 0.19819819819819884 200.02354 33.287052 0.03651476
14.008725471258163 0.2117117117117111 0.1959459459459456 211.69608 15.041448 0.02562974
14.2227948782444 0.27927927927927776 0.141891891891893 191.09683 0.75449011 0.08311594
14.015057737231254 0.21621621621621578 0.19369369369369416 233.3333 31.153428 0.06669
14.101815895795822 0.26351351351351227 0.1689189189189193 133.04987 29.410472 0.084634919
13.902968512535095 0.12837837837837718 0.2387387387387392 131.95297 24.897088 0.08508818
13.78412577444315 0.06981981981981988 0.25 181.03229 2.4327933 0.08418285
14.033162511229515 0.22522522522522515 0.1914414414414427 176.13473 -1.9776125 0.07787985
13.892873037934303 0.1193693693693696 0.24099099099099064 181.23275 48.556383 0.064214004
14.000304817080497 0.2072072072072082 0.19819819819819884 206.1641 2.8948783 0.077798904
14.214972340345383 0.2837837837837842 0.14189189189189122 200.31107 37.755228 0.07276323
13.88827655529976 0.11711711711711814 0.2432432432432421 238.50241 29.919841 0.075719241
13.858870774269104 0.10135135135135087 0.24774774774774855 232.21558 27.638307 0.074099603
13.967654907941817 0.1846846846846848 0.20720720720720642 202.36068 0.73446795 0.079248969
13.817500099003315 0.0810810810810807 0.25225225225225145 182.2956 56.620788 0.062941931
14.166662786483764 0.2882882882882889 0.14414414414414445 188.83915 1.8902264 0.07922754
13.651032951578497 0.09234234234234329 0.1779279279279269 236.79621 35.619055 0.0792526
13.988236214756965 0.20270270270270174 0.2004504504504503 127.12568 13.72077 0.06638845
13.787820366859435 0.07207207207207134 0.25 220.1272 23.249719 0.06612605
13.951645609021186 0.17117117117117076 0.21396396396396433 134.80258 39.671084 0.02762011
14.002759878516198 0.20945945945945965 0.19819819819819884 164.5068 1.6348407 0.03936249
13.823071658968924 0.08333333333333393 0.25 149.25617 26.150842 0.081776451
13.915583330988884 0.13738738738738832 0.23198198198198128 193.01306 4.5745873 0.065021325
13.904585900306701 0.12837837837837718 0.2387387387387392 230.08633 33.453019 0.08149247
13.75118720036745 0.06981981981981988 0.23648648648648596 119.05861 28.243195 0.06854752
14.162714581489563 0.2882882882882871 0.14639639639639768 173.07171 55.981294 0.050358574
13.829098478078842 0.08783783783783683 0.25 161.82841 5.2095016 0.07152057
14.017561142206192 0.21846846846846724 0.1959459459459474 141.01318 13.200405 0.080038615
13.784917238533497 0.06981981981981988 0.25 185.77926 28.153481 0.06433817
14.048638845682143 0.2342342342342345 0.18693693693693625 222.89465 46.730521 0.07353966
13.982114500045776 0.19819819819819706 0.20045045045045207 219.22091 9.9645573 0.055358771
13.889664976477622 0.1193693693693696 0.24099099099099064 192.07362 -0.77779305 0.08371668
13.76839464187622 0.0653153153153152 0.24774774774774677 121.0146 30.737462 0.074545873
13.790641363859176 0.06981981981981988 0.25225225225225323 230.1656 22.736047 0.080817185
13.956619487404824 0.1779279279279269 0.2117117117117111 162.14846 22.249775 0.04669582
13.78286005628109 0.06981981981981988 0.24774774774774855 183.72628 59.88598 0.06004889
13.820859856426715 0.08333333333333215 0.25225225225225323 229.66568 59.087366 0.075273716
13.838745503783226 0.09009009009009006 0.25 162.94757 55.354052 0.073759216
14.016494818091392 0.21621621621621578 0.19369369369369416 217.46818 7.2408028 0.054257975
14.205212952136993 0.28378378378378244 0.14414414414414445 227.74432 4.8249251 0.078961818
13.989928370356559 0.20270270270270174 0.2004504504504503 237.3171 25.613093 0.06982961
13.724754481136799 0.12162162162162105 0.17567567567567544 231.34851 32.981704 0.068281402
13.757960235595704 0.0653153153153152 0.2432432432432421 199.79079 8.5892619 0.023861425
13.903019595980645 0.12837837837837718 0.2387387387387392 147.23402 14.868659 0.065834651
13.96838316977024 0.1846846846846848 0.2072072072072082 221.58811 23.918881 0.04833157
13.814031232714653 0.07882882882882924 0.25225225225225145 167.62037 19.290575 0.070915634
13.872657034397125 0.108108108108107 0.24549549549549532 136.99008 31.729748 0.06371763
13.720269004225731 0.12162162162162105 0.17567567567567544 227.40713 0.80421099 0.072393441
13.805953264415264 0.07657657657657602 0.25225225225225323 168.19718 13.415297 0.06865063
14.19658398604393 0.28603603603603744 0.14189189189189122 232.62088 -0.79624492 0.077367372
13.814559231102466 0.07882882882882924 0.25225225225225145 208.83162 26.764801 0.06231201
13.806381032288074 0.07657657657657602 0.25225225225225323 190.55699 42.272689 0.07217342
14.014250018119812 0.21621621621621756 0.19369369369369238 183.05125 38.124449 0.07919428
13.97705341887474 0.19369369369369416 0.20270270270270352 144.64687 17.027338 0.02804203
13.759422884523868 0.06756756756756666 0.24099099099099064 207.44226 35.162921 0.01763246
13.811147560358048 0.07882882882882924 0.25 208.2822 24.420367 0.05681724
13.772330662190914 0.06756756756756666 0.24774774774774855 224.82676 24.000274 0.04715819
13.902481283426285 0.12612612612612573 0.2387387387387392 168.39747 40.214137 0.075587713
14.226318292379379 0.27927927927927776 0.13963963963963977 172.24556 54.125687 0.06887478
13.832995652318 0.0878378378378386 0.25225225225225145 228.11252 7.939442 0.080208459
13.94113061261177 0.1621621621621614 0.22072072072072046 182.72736 56.747878 0.08317118
14.367057268381119 0.17792792792792866 0.18243243243243157 230.45729 2.3111942 0.085597705
13.913817751169205 0.13738738738738832 0.23198198198198128 189.76599 17.756328 0.065778105
13.855059749007225 0.09909909909909942 0.24774774774774677 168.01801 57.084174 0.046536375
13.746328371703624 0.06981981981981988 0.2342342342342345 194.08522 2.3776387 0.063181945
14.0632226293087 0.24099099099099064 0.1846846846846848 132.19537 9.0448656 0.06394312
13.972234081745148 0.18918918918918948 0.20495495495495497 194.86803 31.370194 0.051956776
13.884703743815422 0.11711711711711636 0.24324324324324387 160.81989 18.991421 0.04738554
14.043632351875305 0.22972972972972983 0.18918918918918948 226.68767 -1.2783289 0.07156409
13.85117274403572 0.09684684684684619 0.25 251.05343 37.445957 0.061414744
14.15518621468544 0.2882882882882871 0.1463963963963959 238.01826 4.4991591 0.07727672
13.98069109237194 0.19369369369369238 0.20270270270270352 244.68993 43.053116 0.06011208
13.819019864439964 0.0810810810810807 0.25225225225225145 127.97582 9.668424 0.07833083
14.123907918453217 0.27927927927927954 0.15540540540540526 201.26955 24.412579 0.07222679
13.705405743569136 0.11486486486486491 0.17567567567567544 197.54288 9.1329115 0.06802662
13.926766890883446 0.14864864864864913 0.2274774774774766 210.94947 24.258157 0.06275642
13.793543043196202 0.07207207207207311 0.25225225225225145 216.6354 25.736763 0.07532422
13.830470696926117 0.08783783783783683 0.25 165.46845 43.075432 0.07553758
13.774869382977485 0.06756756756756843 0.24774774774774677 239.47465 28.805188 0.077222135
13.833920871257781 0.0878378378378386 0.25225225225225145 244.52071 41.423253 0.061499701
13.99204755616188 0.20270270270270352 0.2004504504504503 250.15325 23.744173 0.03652085
13.667819735139608 0.09909909909909942 0.17792792792792866 191.05083 -1.7105917 0.048273237
14.021223527550697 0.22072072072072046 0.19369369369369416 209.48254 17.709803 0.08148838
14.006813780665398 0.21171171171171288 0.1959459459459456 157.31283 8.2169564 0.03348242
13.762442946255208 0.06756756756756666 0.24324324324324387 188.52588 29.055113 0.062822515
14.10507274866104 0.2702702702702702 0.16441441441441462 201.6968 26.307243 0.037161235
13.791012081086635 0.06981981981981988 0.25225225225225323 136.97463 49.66557 0.03513826
13.813668300509452 0.07882882882882924 0.25225225225225145 185.1318 39.633071 0.023046605
13.912633716464043 0.1351351351351351 0.23648648648648596 214.47056 0.38612332 0.05285992
13.947801731228829 0.1689189189189193 0.21621621621621578 199.50361 42.44172 0.07466632
13.853994320631028 0.09909909909909942 0.24774774774774677 151.91416 37.865086 0.053066089
13.95706290435791 0.1779279279279269 0.2117117117117111 247.21776 25.597807 0.04200311
13.689725022643804 0.108108108108107 0.1756756756756772 119.45576 46.031589 0.069297106
13.79749911224842 0.07432432432432456 0.25 203.68788 34.69858 0.02381991
13.709448416054249 0.11711711711711814 0.1734234234234222 196.48186 9.2304811 0.05460221
13.998519741773606 0.20720720720720642 0.19819819819819884 162.42492 23.463091 0.06487796
13.741734088897704 0.12162162162162282 0.18018018018018012 200.99588 30.517307 0.0479359
13.848666915297509 0.09684684684684797 0.25 174.05421 55.009539 0.05643763
13.620285429865122 0.07882882882882747 0.18243243243243334 158.71857 3.7590248 0.08464252
13.826826542496681 0.08558558558558538 0.25 207.82464 29.447397 0.036632835
13.924417526602745 0.14414414414414445 0.22972972972972983 174.7909 55.666748 0.060805185
13.989289735078811 0.20270270270270174 0.2004504504504503 126.63474 8.6957061 0.08012807
14.048668984651565 0.2342342342342345 0.18693693693693625 245.82498 30.263171 0.051075445
13.838696422576904 0.09009009009009006 0.25 119.19305 45.843681 0.051998476
13.977464562892914 0.19369369369369416 0.20270270270270352 244.83704 24.214427 0.065575051
13.970367257118225 0.18918918918918948 0.20495495495495497 229.9789 32.758415 0.08030405
13.799535824239253 0.07207207207207311 0.25225225225225145 168.89325 61.130996 0.055129815
13.766834041297436 0.06756756756756843 0.24549549549549532 195.68663 3.3191179 0.07084563
13.887663079738617 0.11711711711711814 0.2432432432432421 189.7207 6.186482 0.074238175
13.74217435759306 0.12162162162162282 0.18018018018018012 217.37231 23.306768 0.06566311
13.838858788371086 0.09009009009009006 0.25 167.04178 13.165763 0.033897764
14.145759514331818 0.2882882882882889 0.14864864864864913 229.98294 25.697572 0.03335058
13.812147204637528 0.07882882882882924 0.25 173.27605 18.857489 0.03574282
13.985123206973075 0.19819819819819884 0.20270270270270174 170.717 34.102971 0.041668035
13.761606721580028 0.06756756756756666 0.24324324324324387 176.83718 20.932787 0.048546955
14.317056507349013 0.218468468468469 0.1621621621621614 150.67566 32.726988 0.0505643
13.565816257059574 0.05855855855855907 0.18918918918918948 198.3164 39.89503 0.085190075
13.806444748282432 0.07657657657657602 0.25225225225225323 166.74162 35.551845 0.07345448
13.70421715772152 0.11261261261261168 0.17567567567567544 180.15717 43.438704 0.07208172
13.990257264494895 0.20270270270270352 0.2004504504504503 231.15236 6.9310655 0.076582795
13.732287616431712 0.12387387387387427 0.17567567567567544 195.70011 5.8504502 0.062499102
13.742156034469604 0.12162162162162282 0.18018018018018012 237.58722 28.62192 0.03267866
14.051435657739638 0.23648648648648596 0.18693693693693803 152.53085 54.444056 0.04577643
14.006695912003517 0.21171171171171288 0.1959459459459456 157.55779 4.044415 0.06711791
13.79040486252308 0.06981981981981988 0.25225225225225323 202.84079 4.8374869 0.081807553
13.752660137116909 0.06756756756756843 0.2387387387387374 200.04941 31.391368 0.04630391
13.748277301311493 0.06981981981981988 0.23648648648648596 174.23764 19.953632 0.022035563
13.730258399665356 0.12162162162162282 0.1779279279279269 244.95935 24.552705 0.064364384
13.717874932050705 0.11936936936936782 0.17342342342342398 168.59502 6.5144629 0.047057685
13.962000584363937 0.18018018018018012 0.20945945945945788 181.16456 42.546752 0.0529746
13.689877706557512 0.108108108108107 0.1756756756756772 201.73312 16.847473 0.07960888
13.777215533137321 0.06756756756756843 0.25 232.01712 7.8747624 0.075252822
14.023009524941445 0.22072072072072046 0.19369369369369238 156.09278 41.698646 0.044673445
14.226459450244903 0.27927927927927776 0.13963963963963977 151.26618 53.124217 0.04526674
13.834915536284447 0.0878378378378386 0.25225225225225145 199.1026 0.86633999 0.080368931
14.113052198886871 0.2725225225225234 0.1621621621621614 176.86682 11.717682 0.084677466
13.955747327804565 0.17567567567567544 0.2117117117117111 229.81666 20.790524 0.040296515
14.014542661190033 0.21621621621621756 0.19369369369369238 158.27594 56.795652 0.04515938
13.93982776081562 0.15990990990990994 0.22072072072072046 164.39193 6.6718886 0.070512907
13.94272044324875 0.1621621621621614 0.22072072072072046 207.94158 26.437873 0.062526525
13.755719545483588 0.06756756756756843 0.24099099099099064 177.45332 43.95732 0.07112968
13.750188491344451 0.06981981981981988 0.23648648648648596 214.88166 18.565067 0.06743037
13.894334382772445 0.12162162162162105 0.24099099099099064 160.86084 10.952917 0.05377698
13.902842266082763 0.12837837837837718 0.2387387387387392 215.46553 20.97348 0.0762001
14.164698642492294 0.29054054054054035 0.14414414414414445 167.5862 4.7159545 0.02932053
13.962822635293007 0.18018018018018012 0.20945945945945788 215.99397 40.261103 0.082094225
14.107351349592209 0.2702702702702702 0.16441441441441285 126.86552 17.287162 0.022441975
13.755361184179783 0.06756756756756843 0.24099099099099064 214.81396 31.064339 0.067731562
13.776677852869033 0.06756756756756843 0.25 112.02233 41.940945 0.058412625
13.971014480948448 0.18918918918918948 0.20495495495495497 149.47666 19.602897 0.07991192
13.624661274299026 0.0810810810810807 0.18243243243243157 207.47619 17.919918 0.06516411
13.982666354060173 0.19819819819819706 0.20045045045045207 232.49345 29.002126 0.084871805
13.761332691431045 0.06756756756756666 0.24324324324324387 182.02315 25.237317 0.02244408
13.933360449075698 0.15315315315315203 0.22522522522522692 213.9942 50.297719 0.07421156
13.853457588791848 0.09909909909909942 0.24774774774774677 173.52975 1.3388059 0.074606255
13.966233897686005 0.1846846846846848 0.20720720720720642 154.44404 -0.062420881 0.06351441
13.963872572660446 0.18468468468468302 0.2072072072072082 219.95247 12.292002 0.05115553
13.95697066962719 0.1779279279279269 0.2117117117117111 212.54552 17.565459 0.01689248
13.91294306242466 0.1351351351351351 0.23648648648648596 130.30456 32.416568 0.06755132
13.808147086322307 0.07882882882882924 0.25 207.18833 6.9917329 0.05250926
13.890061683297157 0.1193693693693696 0.24099099099099064 172.85406 16.51352 0.0817117
13.897610941886901 0.12387387387387427 0.2387387387387392 130.69945 36.084366 0.05391117
13.767593048036098 0.0653153153153152 0.24774774774774677 173.14553 29.876021 0.0808552
14.003480289459228 0.20945945945945965 0.19819819819819884 238.27403 27.658256 0.082438755
13.65953765040636 0.09684684684684619 0.17792792792792866 208.09972 21.584979 0.02773579
13.725523433208465 0.12162162162162105 0.17567567567567544 201.94937 15.850063 0.075859165
13.835104905962943 0.0878378378378386 0.25225225225225145 237.47493 29.173719 0.08216379
13.847950377106667 0.09459459459459474 0.25 186.41377 23.575185 0.06692151
14.124915993213653 0.27927927927927954 0.15540540540540526 136.86485 16.660085 0.072846683
13.687964191555977 0.10810810810810878 0.17792792792792866 141.25332 15.288345 0.071989935
13.672925754725933 0.10135135135135265 0.1779279279279269 234.44749 27.942806 0.07356279
13.804893697857857 0.07657657657657779 0.25225225225225145 131.23482 27.732252 0.084376245
13.917944682359694 0.13963963963963977 0.23198198198198128 232.30102 29.629324 0.064707347
13.729759855270386 0.12162162162162282 0.1779279279279269 213.43204 52.777696 0.083631845
13.960863575935363 0.18018018018018012 0.20945945945945965 178.93718 12.730684 0.08239415
13.94126415669918 0.1621621621621614 0.22072072072072046 237.98055 27.840312 0.08205679
13.805604822099209 0.07657657657657779 0.25225225225225145 161.62412 11.754451 0.053904107
13.960101723909379 0.18018018018018012 0.20945945945945965 139.14704 17.580071 0.028605795
13.680702695578336 0.10585585585585555 0.17792792792792866 160.68173 40.417979 0.05453313
14.124229593992233 0.27927927927927954 0.15540540540540526 207.56931 29.220411 0.076770501
13.70678469362855 0.11711711711711636 0.17567567567567544 184.57474 42.489091 0.07350445
14.06014529299736 0.24099099099099242 0.1846846846846848 242.87449 37.000247 0.067023365
13.862112320542336 0.10360360360360232 0.24774774774774855 225.81351 27.179904 0.081101642
13.784864310920238 0.06981981981981988 0.25 222.75419 18.741826 0.04375126
13.96442139697075 0.18468468468468302 0.2072072072072082 121.97817 39.106681 0.07595262
13.936207132697104 0.15540540540540526 0.2229729729729737 153.10443 6.4469442 0.07634109
13.905783081293105 0.12837837837837895 0.2387387387387392 139.82914 54.890187 0.045504803
13.725629077672957 0.12162162162162105 0.17567567567567544 227.8897 18.096516 0.080623055
13.864181819200516 0.10360360360360232 0.24774774774774855 175.70057 19.40798 0.08213526
13.74640277069807 0.06981981981981988 0.2342342342342345 232.73502 32.418438 0.067006926
13.69047306317091 0.108108108108107 0.1756756756756772 188.73701 50.820179 0.039658689
13.643830343827604 0.09009009009009006 0.18018018018018012 208.63897 54.019755 0.069743949
14.005372721672058 0.2117117117117111 0.1959459459459456 189.64962 17.207603 0.070620105
13.77093990945816 0.06756756756756666 0.24549549549549532 135.22429 55.036092 0.04606347
13.781790175557136 0.06981981981981988 0.24774774774774855 221.17009 4.7383025 0.08442625
13.960373791337013 0.18018018018018012 0.20945945945945965 162.70039 22.260559 0.067970529
13.893628435373307 0.12162162162162105 0.24099099099099064 211.39912 29.411196 0.06365214
13.970052325963973 0.18918918918918948 0.20495495495495497 200.0186 42.669227 0.073775442
13.814206099331379 0.07882882882882924 0.25225225225225145 163.8798 44.074094 0.03712484
13.85373500430584 0.09909909909909942 0.24774774774774677 201.26123 8.3636429 0.051382585
13.929335869193077 0.14864864864864913 0.22747747747747837 157.79879 11.117129 0.06430725
13.91362092578411 0.1351351351351351 0.23648648648648596 214.16747 10.770538 0.02419849
13.876290229201317 0.11036036036036023 0.24549549549549532 149.13175 1.2502266 0.06313949
13.714352426826954 0.1193693693693696 0.17567567567567544 235.52616 48.587319 0.06692315
14.409174528598786 0.17342342342342398 0.1734234234234222 181.30832 51.439161 0.08546353
13.980707716226577 0.19369369369369238 0.20270270270270352 221.62273 32.655262 0.03015436
13.992412279844284 0.20270270270270352 0.2004504504504503 169.58707 53.813426 0.03490633
13.815836936354637 0.07882882882882747 0.25225225225225323 136.67213 20.801124 0.08033779
13.836794848561286 0.0878378378378386 0.25225225225225145 140.20545 40.672724 0.073821465
13.660518708109855 0.09684684684684619 0.17792792792792866 236.69839 46.516437 0.065763513
13.852285304069518 0.09684684684684619 0.25 207.07517 25.710203 0.051774885
13.76927438890934 0.0653153153153152 0.24774774774774677 159.72567 22.778808 0.054329573
13.79852319175005 0.07432432432432456 0.25 118.14886 44.233763 0.066552568
13.830824250221252 0.08558558558558538 0.25225225225225323 196.76007 45.340623 0.05125497
13.820858552336693 0.08333333333333215 0.25225225225225323 249.44967 44.309778 0.072237354
14.040883567214012 0.22972972972972983 0.18918918918918948 151.63446 14.162135 0.029819465
13.808344702064991 0.07882882882882924 0.25 252.59265 23.551707 0.03586026
13.908514952301978 0.13288288288288364 0.23648648648648596 226.55097 5.4077044 0.03568025
13.979853866577148 0.19369369369369238 0.20270270270270352 173.7397 21.136827 0.063547105
13.900556815385817 0.12612612612612573 0.2387387387387392 136.15897 17.58382 0.06629948
13.690778253167867 0.108108108108107 0.1756756756756772 195.05168 52.596909 0.054013007
13.77814624506235 0.06756756756756843 0.25 236.22385 52.717375 0.067011163
13.801596378684044 0.07432432432432456 0.25225225225225323 190.10169 17.88292 0.071669018
13.841140208244324 0.09009009009009006 0.25 202.88716 13.551795 0.07904778
13.863487569093705 0.10360360360360232 0.24774774774774855 200.34545 26.597082 0.07304754
13.861402842879295 0.10135135135135087 0.24774774774774677 235.06224 3.1423782 0.08466534
13.707925344288348 0.11711711711711636 0.17567567567567544 223.75146 31.681394 0.082975925
13.912988982200622 0.1351351351351351 0.23648648648648596 177.48529 5.6764017 0.074832305
13.829930276751519 0.08783783783783683 0.25 189.9526 10.998546 0.066949865
13.955919414997101 0.17567567567567544 0.2117117117117111 218.54379 16.464761 0.05363837
13.869904982924462 0.10585585585585555 0.24549549549549532 180.16849 29.203033 0.08042554
13.983375199437141 0.19819819819819706 0.20045045045045207 129.49329 25.17389 0.02811431
13.850233535766602 0.09684684684684797 0.25 182.59868 38.799842 0.02269639
13.96339806830883 0.18468468468468302 0.2072072072072082 132.8342 8.4700552 0.062702172
13.718043396770954 0.11936936936936782 0.1756756756756772 119.93932 18.444443 0.03947536
13.829201488018036 0.08783783783783683 0.25 177.04453 36.568405 0.06378952
13.9711796656847 0.18918918918918948 0.20495495495495497 177.35303 12.309692 0.083611905
13.70954515582323 0.11711711711711814 0.1734234234234222 136.18346 33.12922 0.06354056
13.910944511532783 0.13288288288288186 0.23648648648648773 183.89499 12.224947 0.064400175
14.085152734041214 0.25675675675675613 0.17342342342342398 147.46713 34.714119 0.0401004
13.775821553111076 0.06756756756756843 0.24774774774774677 169.12781 32.558146 0.060187448
13.758884809076786 0.06756756756756666 0.24099099099099064 159.65757 28.668705 0.08369512
13.966458965182305 0.1846846846846848 0.20720720720720642 201.42268 -1.364564 0.084074575
13.603088301287963 0.07207207207207311 0.1846846846846848 167.44613 21.780196 0.03156285
13.810127564370632 0.07882882882882924 0.25 198.04712 46.961034 0.028728525
13.894660036444664 0.12162162162162105 0.24099099099099064 206.43488 23.049296 0.02914474
13.689577785611153 0.108108108108107 0.1756756756756772 208.09311 37.564749 0.06175955
13.746320823788643 0.06981981981981988 0.2342342342342345 198.21304 1.0018011 0.072758915
13.783549893558025 0.06981981981981988 0.25 210.39152 24.986104 0.07624393
14.247507726669312 0.2680180180180187 0.14414414414414445 227.94897 4.5077021 0.035928795
13.881531090378761 0.11486486486486491 0.24324324324324387 177.85543 55.126106 0.079245449
13.8260356580019 0.08558558558558538 0.25 165.25977 37.995978 0.081363725
13.734695651590824 0.12162162162162105 0.17792792792792866 151.01277 0.57662112 0.045406372
13.67643652972579 0.1036036036036041 0.17567567567567544 136.15818 19.935037 0.08371766
13.842492720842362 0.09234234234234151 0.25 174.89083 4.3505141 0.07435296
13.804399289667606 0.07657657657657779 0.25225225225225145 179.97093 55.539683 0.080293555
13.9327169662714 0.15315315315315203 0.22522522522522692 131.64926 29.610796 0.07038632
13.805197208344936 0.07657657657657779 0.25225225225225145 227.80242 1.7426972 0.038560975
13.7612470561862 0.06756756756756666 0.24324324324324387 151.41611 18.352715 0.078092982
13.83929936003685 0.09009009009009006 0.25 195.27804 39.841467 0.036269205
13.88133192026615 0.11486486486486491 0.24324324324324387 169.95765 29.131604 0.05981544
13.868556105971336 0.10585585585585555 0.24774774774774855 153.41466 38.745395 0.02275373
14.158277355909348 0.2882882882882889 0.1463963963963959 235.66434 8.1916435 0.04104226
13.626271953910589 0.0810810810810807 0.18243243243243334 176.14272 30.764771 0.058569615
13.78447972291708 0.06981981981981988 0.25 167.02432 31.092984 0.073181179
13.735881767570973 0.12162162162162105 0.17792792792792866 200.7062 -1.6699527 0.08482978
13.772165095448493 0.06756756756756666 0.24774774774774855 241.767 12.302986 0.06422438
13.674822981774806 0.10135135135135087 0.17792792792792866 179.18268 21.263151 0.06896371
13.940387781858444 0.15990990990990994 0.22072072072072046 131.81479 35.475055 0.05424428
13.7580020455122 0.0653153153153152 0.2432432432432421 132.25844 24.504033 0.085212383
13.794302379250526 0.07207207207207311 0.25225225225225145 162.42521 16.142153 0.02160724
13.80517170614004 0.07657657657657779 0.25225225225225145 204.12861 43.386996 0.052728659
13.999448069453239 0.2072072072072082 0.19819819819819884 198.5465 53.451517 0.061718969
13.782824621915816 0.06981981981981988 0.24774774774774855 149.73005 1.0855022 0.08112247
14.246343846082688 0.2702702702702702 0.141891891891893 175.08303 10.831422 0.081541275
14.209758035182952 0.2837837837837842 0.14189189189189122 208.91996 5.5238913 0.081806151
13.852255929112435 0.09684684684684619 0.25 164.48915 8.3851724 0.034843404
14.124906877756118 0.27927927927927954 0.15540540540540526 125.16443 21.079319 0.015646925
13.856787839531899 0.09909909909909942 0.24774774774774855 191.57893 8.3146646 0.081137559
13.667112621963025 0.09909909909909942 0.17792792792792866 186.81889 31.045953 0.060281805
13.903985439300538 0.12837837837837718 0.2387387387387392 170.38854 12.433408 0.083583215
13.741040168106556 0.12162162162162282 0.18018018018018012 166.85986 2.9912305 0.07518391
13.847394782066345 0.09459459459459474 0.25 229.28932 3.5233259 0.080383112
13.916444847106934 0.13963963963963977 0.23198198198198128 231.11508 20.737962 0.040041682
13.957139490008354 0.1779279279279269 0.2117117117117111 217.07446 11.486063 0.02676739
13.678496623128652 0.1036036036036041 0.1779279279279269 146.09592 34.337821 0.077871985
14.336148859500884 0.19819819819819884 0.17342342342342398 160.18505 58.314583 0.072716668
13.684356604337692 0.10810810810810878 0.17567567567567544 182.17215 24.275788 0.079529285
13.76179705286026 0.06756756756756666 0.24324324324324387 147.09402 26.956602 0.070624625
13.632140816763043 0.08333333333333393 0.18243243243243157 169.12478 12.02228 0.047167863
13.796461886465549 0.07207207207207134 0.25 216.57989 47.566043 0.0713704
13.908051381230354 0.13288288288288364 0.23648648648648596 172.20705 22.902854 0.031448585
13.812084265828132 0.07882882882882924 0.25 194.90242 37.210402 0.03467397
14.063020297765732 0.24099099099099064 0.1846846846846848 212.77138 19.164438 0.05585946
13.976267144799232 0.19369369369369416 0.20270270270270174 209.94908 28.49789 0.063152355
13.71281373232603 0.11711711711711814 0.17567567567567544 200.89667 6.0673261 0.084075799
13.728585015058517 0.12387387387387427 0.17567567567567544 154.44453 14.970476 0.04698996
13.880065293192864 0.11486486486486491 0.24324324324324387 237.09723 9.1050456 0.04034354
13.89524342572689 0.12162162162162105 0.24099099099099064 211.95223 -0.93132287 0.05349008
13.718047348558903 0.11936936936936782 0.1756756756756772 168.37102 23.313273 0.02270862
13.736071453392505 0.12387387387387427 0.1779279279279269 243.01642 32.105543 0.058810753
14.007166912436485 0.21171171171171288 0.1959459459459456 247.0748 21.563671 0.03561034
13.773563962519168 0.06756756756756666 0.24774774774774855 148.51193 57.214054 0.08045673
13.715720325052738 0.1193693693693696 0.17567567567567544 220.05362 9.4887088 0.051730225
13.865295959949494 0.1036036036036041 0.24774774774774677 139.94428 7.0340055 0.079204325
13.730504490673543 0.12162162162162282 0.1779279279279269 166.35633 30.15046 0.071389732
13.799600198864937 0.07207207207207311 0.25225225225225145 167.94911 60.700617 0.082591446
13.769429364860057 0.0653153153153152 0.24774774774774677 190.55244 9.4907724 0.083116325
13.976436070561409 0.19369369369369416 0.20270270270270174 229.26657 5.2561019 0.05171448
13.758474679350853 0.0653153153153152 0.2432432432432421 159.33767 27.299849 0.04230124
13.717561436712742 0.11936936936936782 0.17342342342342398 205.08494 16.397009 0.07504401
14.156000283002854 0.2882882882882871 0.1463963963963959 254.1338 39.309411 0.06227781
13.528107953965664 0.05180180180180294 0.18693693693693625 120.97079 26.523155 0.04779192
13.73849229234457 0.12387387387387427 0.18018018018018012 152.84071 17.814214 0.07696607
13.724412308990955 0.12162162162162105 0.17342342342342398 186.41134 42.9898 0.07435838
13.754313367605208 0.06756756756756843 0.24099099099099064 158.91654 23.337253 0.04258151
13.681475224018097 0.10585585585585555 0.17792792792792866 184.09714 -0.81704681 0.070939865
14.049426305294038 0.23423423423423273 0.18918918918918948 191.93986 30.077194 0.062359565
13.88263503551483 0.11486486486486491 0.24324324324324387 173.88063 51.707992 0.056966366
14.031296213507652 0.22522522522522515 0.19144144144144093 195.20265 1.018403 0.08150482
13.848874884724617 0.09684684684684797 0.25 202.27127 11.751337 0.02258001
13.720294585466384 0.12162162162162105 0.17567567567567544 237.45591 41.99523 0.033547443
13.681444334208965 0.10585585585585555 0.17792792792792866 119.9748 38.197481 0.076254655
13.782665364861488 0.06981981981981988 0.24774774774774855 173.23595 62.66878 0.04798113
13.767027955532074 0.06756756756756843 0.24549549549549532 230.34394 4.3417184 0.051741815
13.744573290467262 0.07432432432432456 0.22972972972972983 176.07035 30.914633 0.07538045
13.810264493823052 0.07882882882882924 0.25 230.72734 7.3193026 0.076718791
13.759577662885189 0.06756756756756666 0.24099099099099064 168.72228 25.940023 0.04812702
13.67367079848051 0.10135135135135087 0.17792792792792866 177.55095 56.516234 0.0659417
13.847448052167891 0.09459459459459474 0.25 208.63737 19.610547 0.07256818
13.671278945893048 0.10135135135135265 0.1779279279279269 202.39578 29.725133 0.047322619
13.927058980703354 0.14864864864864913 0.2274774774774766 126.50238 40.981113 0.05698816
13.834399643540381 0.0878378378378386 0.25225225225225145 188.79797 58.966011 0.043224615
13.642885286912321 0.0878378378378386 0.18018018018018012 251.21404 34.21643 0.085021107
13.77875172483921 0.06756756756756843 0.25 125.56682 15.511261 0.04388026
13.735347538530826 0.12162162162162105 0.17792792792792866 180.53411 37.754892 0.079100471
13.848521199703216 0.09684684684684797 0.25 128.85986 39.921289 0.05642381
13.886280691623687 0.11711711711711636 0.24324324324324387 124.44436 47.32945 0.053571785
13.920517454385758 0.14414414414414267 0.22972972972972983 145.88177 22.861698 0.06909009
13.784329396903514 0.06981981981981988 0.25 231.53529 36.308292 0.06489628
13.855237342357634 0.09909909909909942 0.24774774774774677 226.26009 16.352756 0.05190836
13.937865065813064 0.1576576576576585 0.22297297297297192 218.43046 52.84461 0.044835382
13.885674118518828 0.11711711711711636 0.24324324324324387 248.2886 26.170152 0.065523126
13.966396158099174 0.1846846846846848 0.20720720720720642 252.72953 32.817487 0.085453247
13.844373692870139 0.09459459459459474 0.25 214.67395 56.470393 0.074322615
13.398312703847886 0.07657657657657602 0.12837837837837895 164.62538 20.788105 0.078114131
13.882488239765166 0.11486486486486491 0.24324324324324387 215.36589 18.491285 0.0788669
14.02510523712635 0.22072072072072046 0.19369369369369416 149.06073 36.420509 0.050775145
13.703121037125587 0.11261261261261168 0.17567567567567544 145.4104 25.160875 0.070119042
13.795601845681666 0.07207207207207134 0.25 242.10078 28.459257 0.05023276
13.677269672006368 0.1036036036036041 0.17567567567567544 179.95345 20.664343 0.068727097
13.894764021158219 0.12162162162162105 0.24099099099099064 181.25244 54.21176 0.050357716
13.800575934827327 0.07207207207207311 0.25225225225225145 210.78877 6.1419281 0.083540293
13.776269264340401 0.06756756756756843 0.24774774774774677 181.2932 39.346727 0.03755572
13.743529175400734 0.07432432432432456 0.22972972972972983 158.22175 53.113269 0.06404679
13.87055357670784 0.10585585585585555 0.24549549549549532 157.48558 22.316878 0.041756078
13.83700020980835 0.0878378378378386 0.25225225225225145 221.68369 55.518987 0.07510479
13.909187546610832 0.13288288288288364 0.23648648648648596 178.31656 20.631288 0.02288963
13.648906148701906 0.09234234234234151 0.18018018018018012 158.56858 15.005074 0.06123998
13.902891505360603 0.12837837837837718 0.2387387387387392 138.00923 47.763391 0.05134846
13.794122796833514 0.07207207207207311 0.25225225225225145 186.85183 6.5781522 0.08332023
13.880387653708457 0.11486486486486491 0.24324324324324387 236.01059 4.7549225 0.04123991
14.026368729114532 0.2229729729729737 0.19369369369369238 133.75382 49.173564 0.05203528
13.966737012982367 0.1846846846846848 0.20720720720720642 243.83409 19.611071 0.03128063
13.902031780719756 0.12612612612612573 0.2387387387387392 117.52719 31.97742 0.05580018
13.676347291767597 0.1036036036036041 0.17567567567567544 132.80641 9.5542114 0.063130301
13.649241797104478 0.09234234234234151 0.18018018018018012 172.11359 57.62896 0.06757039
13.897377628326415 0.12387387387387427 0.2387387387387392 238.29565 34.045882 0.074580587
13.921046809554099 0.14414414414414267 0.22972972972972983 178.25157 4.3389298 0.075379082
13.9903718136549 0.20270270270270352 0.2004504504504503 119.76282 46.112208 0.061306725
13.816882144749165 0.07882882882882747 0.25225225225225323 129.18379 55.680815 0.045225776
13.78977731859684 0.07207207207207134 0.25 161.08566 14.056871 0.032861535
13.839880878806113 0.09009009009009006 0.25 212.55752 54.933455 0.04196732
13.651001146271824 0.09234234234234329 0.1779279279279269 217.50735 53.985505 0.043080385
13.973772828936577 0.18918918918918948 0.20495495495495497 213.97115 18.539509 0.054802188
13.753946022570133 0.06756756756756843 0.2387387387387374 162.83876 8.6023968 0.021928424
13.813803780972957 0.07882882882882924 0.25225225225225145 196.24733 43.462462 0.0371717
14.164050549268723 0.29054054054054035 0.14414414414414445 196.80972 11.875364 0.085028348
13.80297355043888 0.07432432432432456 0.25225225225225323 119.66668 37.78847 0.04075322
13.60168298992142 0.07207207207207311 0.1846846846846848 131.18383 43.01878 0.05465451
13.541423029243946 0.05405405405405439 0.18693693693693625 127.79208 53.996603 0.064208694
14.040979780077935 0.22972972972972983 0.18918918918918948 146.06893 52.090522 0.047511215
13.887391144037247 0.11711711711711814 0.2432432432432421 209.5463 21.667308 0.064799471
14.012167136073112 0.21621621621621578 0.19369369369369416 202.84589 11.108269 0.0805824
13.89507816195488 0.12162162162162105 0.24099099099099064 193.75127 19.011705 0.06436277
13.822846328020095 0.08333333333333393 0.25 160.29797 33.907752 0.08290365
13.682757025957107 0.10585585585585555 0.1756756756756772 239.45674 16.310187 0.03691153
13.785692144632339 0.06981981981981988 0.25 197.16859 13.795163 0.06187539
13.614847516074777 0.07657657657657779 0.18468468468468302 119.08476 34.748087 0.07118458
13.824117433786393 0.08558558558558538 0.25 158.59025 15.228964 0.083979692
13.843966342568397 0.09234234234234151 0.25 153.68518 10.524321 0.07810437
13.769853734195232 0.06756756756756666 0.24549549549549532 223.54771 5.6979718 0.082182581
13.636991455346346 0.08558558558558538 0.18018018018018012 216.66703 34.842429 0.076729915
13.809567372083663 0.07882882882882924 0.25 229.79544 45.056798 0.06350271
13.852233904480935 0.09684684684684619 0.25 207.71321 56.022974 0.069761771
13.980734456658363 0.19369369369369238 0.20270270270270352 133.804 4.4518767 0.071904565
13.731927832484246 0.12387387387387427 0.17567567567567544 138.39174 30.039831 0.022391965
13.781478339970112 0.06981981981981988 0.24774774774774855 202.65761 1.3483925 0.080353893
13.365821103334426 0.05630630630630762 0.15540540540540526 131.27715 51.034955 0.075435877
13.879379420876504 0.11261261261261346 0.24324324324324387 188.75757 47.75023 0.030900015
13.705759244173764 0.11486486486486491 0.17567567567567544 192.97419 66.721461 0.081994291
13.619416090853512 0.07882882882882747 0.18243243243243334 209.07619 18.253806 0.06469799
14.07293586063385 0.24774774774774855 0.18018018018018012 174.57516 13.25388 0.082393727
13.67928054589033 0.1036036036036041 0.1779279279279269 209.0618 24.651446 0.063038525
13.903052870035172 0.12837837837837718 0.2387387387387392 219.2986 41.137525 0.01822872
13.78121599394083 0.06981981981981988 0.24774774774774855 244.13139 17.296896 0.083402515
13.681402800917626 0.10585585585585555 0.17792792792792866 195.66504 62.490557 0.07610577
13.829939392209052 0.08783783783783683 0.25 122.19122 38.880306 0.040513704
13.833763537406922 0.0878378378378386 0.25225225225225145 214.0354 3.6800443 0.055019555
